0,5.0
1,10.0
2,15.0
3,20.0
4,25.0
5,30.0
6,35.0
7,40.0
8,45.0
9,50.0
10,55.0
11,60.0
12,65.0
13,70.0
14,75.0
15,80.0
16,85.0
17,90.0
18,95.0
19,100.0
20,105.0
21,110.0
22,115.0
23,120.0
24,125.0
25,130.0
26,135.0
27,140.0
28,145.0
29,150.0
30,155.0
31,160.0
32,165.0
33,170.0
34,175.0
35,180.0
36,185.0
37,190.0
38,195.0
39,200.0
40,205.0
41,210.0
42,215.0
43,220.0
44,225.0
45,230.0
46,235.0
47,240.0
48,245.0
49,250.0
50,255.0
51,260.0
52,265.0
53,270.0
54,275.0
55,280.0
56,285.0
57,290.0
58,295.0
59,300.0
60,305.0
61,310.0
62,315.0
63,320.0
64,325.0
65,330.0
66,335.0
67,340.0
68,345.0
69,350.0
70,355.0
71,360.0
72,365.0
73,370.0
74,375.0
75,380.0
76,385.0
77,390.0
78,395.0
79,400.0
80,405.0
81,410.0
82,415.0
83,420.0
84,425.0
85,430.0
86,435.0
87,440.0
88,445.0
89,450.0
90,455.0
91,460.0
92,465.0
93,470.0
94,475.0
95,480.0
96,485.0
97,490.0
98,495.0
99,500.0
100,505.0
101,510.0
102,515.0
103,520.0
104,525.0
105,530.0
106,535.0
107,540.0
108,545.0
109,550.0
110,555.0
111,560.0
112,565.0
113,570.0
114,575.0
115,580.0
116,585.0
117,590.0
118,595.0
119,600.0
120,605.0
121,610.0
122,615.0
123,620.0
124,625.0
125,630.0
126,635.0
127,640.0
128,645.0
129,650.0
130,655.0
131,660.0
132,665.0
133,670.0
134,675.0
135,680.0
136,685.0
137,690.0
138,695.0
139,700.0
140,705.0
141,710.0
142,715.0
143,720.0
144,725.0
145,730.0
146,735.0
147,740.0
148,745.0
149,750.0
150,755.0
151,760.0
152,765.0
153,770.0
154,775.0
155,780.0
156,785.0
157,790.0
158,795.0
159,800.0
160,805.0
161,810.0
162,815.0
163,820.0
164,825.0
165,830.0
166,835.0
167,840.0
168,845.0
169,850.0
170,855.0
171,860.0
172,865.0
173,870.0
174,875.0
175,880.0
176,885.0
177,890.0
178,895.0
179,900.0
180,905.0
181,910.0
182,915.0
183,920.0
184,925.0
185,930.0
186,935.0
187,940.0
188,945.0
189,950.0
190,955.0
191,960.0
192,965.0
193,970.0
194,975.0
195,980.0
196,985.0
197,990.0
198,995.0
199,1000.0
200,1005.0
201,1010.0
202,1015.0
203,1020.0
204,1025.0
205,1030.0
206,1035.0
207,1040.0
208,1045.0
209,1050.0
210,1055.0
211,1060.0
212,1065.0
213,1070.0
214,1075.0
215,1080.0
216,1085.0
217,1090.0
218,1095.0
219,1100.0
220,1105.0
221,1110.0
222,1115.0
223,1120.0
224,1125.0
225,1130.0
226,1135.0
227,1140.0
228,1145.0
229,1150.0
230,1155.0
231,1160.0
232,1165.0
233,1170.0
234,1175.0
235,1180.0
236,1185.0
237,1190.0
238,1195.0
239,1200.0
240,1205.0
241,1210.0
242,1215.0
243,1220.0
244,1225.0
245,1230.0
246,1235.0
247,1240.0
248,1245.0
249,1250.0
250,1255.0
251,1260.0
252,1265.0
253,1270.0
254,1275.0
255,1280.0
256,1285.0
257,1290.0
258,1295.0
259,1300.0
260,1305.0
261,1310.0
262,1315.0
263,1320.0
264,1325.0
265,1330.0
266,1335.0
267,1340.0
268,1345.0
269,1350.0
270,1355.0
271,1360.0
272,1365.0
273,1370.0
274,1375.0
275,1380.0
276,1385.0
277,1390.0
278,1395.0
279,1400.0
280,1405.0
281,1410.0
282,1415.0
283,1420.0
284,1425.0
285,1430.0
286,1435.0
287,1440.0
288,1445.0
289,1450.0
290,1455.0
291,1460.0
292,1465.0
293,1470.0
294,1475.0
295,1480.0
296,1485.0
297,1490.0
298,1495.0
299,1500.0
300,1505.0
301,1510.0
302,1515.0
303,1520.0
304,1525.0
305,1530.0
306,1535.0
307,1540.0
308,1545.0
309,1550.0
310,1555.0
311,1560.0
312,1565.0
313,1570.0
314,1575.0
315,1580.0
316,1585.0
317,1590.0
318,1595.0
319,1600.0
320,1605.0
321,1610.0
322,1615.0
323,1620.0
324,1625.0
325,1630.0
326,1635.0
327,1640.0
328,1645.0
329,1650.0
330,1655.0
331,1660.0
332,1665.0
333,1670.0
334,1675.0
335,1680.0
336,1685.0
337,1690.0
338,1695.0
339,1700.0
340,1705.0
341,1710.0
342,1715.0
343,1720.0
344,1725.0
345,1730.0
346,1735.0
347,1740.0
348,1745.0
349,1750.0
350,1755.0
351,1760.0
352,1765.0
353,1770.0
354,1775.0
355,1780.0
356,1785.0
357,1790.0
358,1795.0
359,1800.0
360,1805.0
361,1810.0
362,1815.0
363,1820.0
364,1825.0
365,1830.0
366,1835.0
367,1840.0
368,1845.0
369,1850.0
370,1855.0
371,1860.0
372,1865.0
373,1870.0
374,1875.0
375,1880.0
376,1885.0
377,1890.0
378,1895.0
379,1900.0
380,1905.0
381,1910.0
382,1915.0
383,1920.0
384,1925.0
385,1930.0
386,1935.0
387,1940.0
388,1945.0
389,1950.0
390,1955.0
391,1960.0
392,1965.0
393,1970.0
394,1975.0
395,1980.0
396,1985.0
397,1990.0
398,1995.0
399,2000.0
400,2005.0
401,2010.0
402,2015.0
403,2020.0
404,2025.0
405,2030.0
406,2035.0
407,2040.0
408,2045.0
409,2050.0
410,2055.0
411,2060.0
412,2065.0
413,2070.0
414,2075.0
415,2080.0
416,2085.0
417,2090.0
418,2095.0
419,2100.0
420,2105.0
421,2110.0
422,2115.0
423,2120.0
424,2125.0
425,2130.0
426,2135.0
427,2140.0
428,2145.0
429,2150.0
430,2155.0
431,2160.0
432,2165.0
433,2170.0
434,2175.0
435,2180.0
436,2185.0
437,2190.0
438,2195.0
439,2200.0
440,2205.0
441,2210.0
442,2215.0
443,2220.0
444,2225.0
445,2230.0
446,2235.0
447,2240.0
448,2245.0
449,2250.0
450,2255.0
451,2260.0
452,2265.0
453,2270.0
454,2275.0
455,2280.0
456,2285.0
457,2290.0
458,2295.0
459,2300.0
460,2305.0
461,2310.0
462,2315.0
463,2320.0
464,2325.0
465,2330.0
466,2335.0
467,2340.0
468,2345.0
469,2350.0
470,2355.0
471,2360.0
472,2365.0
473,2370.0
474,2375.0
475,2380.0
476,2385.0
477,2390.0
478,2395.0
479,2400.0
480,2405.0
481,2410.0
482,2415.0
483,2420.0
484,2425.0
485,2430.0
486,2435.0
487,2440.0
488,2445.0
489,2450.0
490,2455.0
491,2460.0
492,2465.0
493,2470.0
494,2475.0
495,2480.0
496,2485.0
497,2490.0
498,2495.0
499,2500.0
500,2505.0
501,2510.0
502,2515.0
503,2520.0
504,2525.0
505,2530.0
506,2535.0
507,2540.0
508,2545.0
509,2550.0
510,2555.0
511,2560.0
512,2565.0
513,2570.0
514,2575.0
515,2580.0
516,2585.0
517,2590.0
518,2595.0
519,2600.0
520,2605.0
521,2610.0
522,2615.0
523,2620.0
524,2625.0
525,2630.0
526,2635.0
527,2640.0
528,2645.0
529,2650.0
530,2655.0
531,2660.0
532,2665.0
533,2670.0
534,2675.0
535,2680.0
536,2685.0
537,2690.0
538,2695.0
539,2700.0
540,2705.0
541,2710.0
542,2715.0
543,2720.0
544,2725.0
545,2730.0
546,2735.0
547,2740.0
548,2745.0
549,2750.0
550,2755.0
551,2760.0
552,2765.0
553,2770.0
554,2775.0
555,2780.0
556,2785.0
557,2790.0
558,2795.0
559,2800.0
560,2805.0
561,2810.0
562,2815.0
563,2820.0
564,2825.0
565,2830.0
566,2835.0
567,2840.0
568,2845.0
569,2850.0
570,2855.0
571,2860.0
572,2865.0
573,2870.0
574,2875.0
575,2880.0
576,2885.0
577,2890.0
578,2895.0
579,2900.0
580,2905.0
581,2910.0
582,2915.0
583,2920.0
584,2925.0
585,2930.0
586,2935.0
587,2940.0
588,2945.0
589,2950.0
590,2955.0
591,2960.0
592,2965.0
593,2970.0
594,2975.0
595,2980.0
596,2985.0
597,2990.0
598,2995.0
599,3000.0
600,3005.0
601,3010.0
602,3015.0
603,3020.0
604,3025.0
605,3030.0
606,3035.0
607,3040.0
608,3045.0
609,3050.0
610,3055.0
611,3060.0
612,3065.0
613,3070.0
614,3075.0
615,3080.0
616,3085.0
617,3090.0
618,3095.0
619,3100.0
620,3105.0
621,3110.0
622,3115.0
623,3120.0
624,3125.0
625,3130.0
626,3135.0
627,3140.0
628,3145.0
629,3150.0
630,3155.0
631,3160.0
632,3165.0
633,3170.0
634,3175.0
635,3180.0
636,3185.0
637,3190.0
638,3195.0
639,3200.0
640,3205.0
641,3210.0
642,3215.0
643,3220.0
644,3225.0
645,3230.0
646,3235.0
647,3240.0
648,3245.0
649,3250.0
650,3255.0
651,3260.0
652,3265.0
653,3270.0
654,3275.0
655,3280.0
656,3285.0
657,3290.0
658,3295.0
659,3300.0
660,3305.0
661,3310.0
662,3315.0
663,3320.0
664,3325.0
665,3330.0
666,3335.0
667,3340.0
668,3345.0
669,3350.0
670,3355.0
671,3360.0
672,3365.0
673,3370.0
674,3375.0
675,3380.0
676,3385.0
677,3390.0
678,3395.0
679,3400.0
680,3405.0
681,3410.0
682,3415.0
683,3420.0
684,3425.0
685,3430.0
686,3435.0
687,3440.0
688,3445.0
689,3450.0
690,3455.0
691,3460.0
692,3465.0
693,3470.0
694,3475.0
695,3480.0
696,3485.0
697,3490.0
698,3495.0
699,3500.0
700,3505.0
701,3510.0
702,3515.0
703,3520.0
704,3525.0
705,3530.0
706,3535.0
707,3540.0
708,3545.0
709,3550.0
710,3555.0
711,3560.0
712,3565.0
713,3570.0
714,3575.0
715,3580.0
716,3585.0
717,3590.0
718,3595.0
719,3600.0
720,3605.0
721,3610.0
722,3615.0
723,3620.0
724,3625.0
725,3630.0
726,3635.0
727,3640.0
728,3645.0
729,3650.0
730,3655.0
731,3660.0
732,3665.0
733,3670.0
734,3675.0
735,3680.0
736,3685.0
737,3690.0
738,3695.0
739,3700.0
740,3705.0
741,3710.0
742,3715.0
743,3720.0
744,3725.0
745,3730.0
746,3735.0
747,3740.0
748,3745.0
749,3750.0
750,3755.0
751,3760.0
752,3765.0
753,3770.0
754,3775.0
755,3780.0
756,3785.0
757,3790.0
758,3795.0
759,3800.0
760,3805.0
761,3810.0
762,3815.0
763,3820.0
764,3825.0
765,3830.0
766,3835.0
767,3840.0
768,3845.0
769,3850.0
770,3855.0
771,3860.0
772,3865.0
773,3870.0
774,3875.0
775,3880.0
776,3885.0
777,3890.0
778,3895.0
779,3900.0
780,3905.0
781,3910.0
782,3915.0
783,3920.0
784,3925.0
785,3930.0
786,3935.0
787,3940.0
788,3945.0
789,3950.0
790,3955.0
791,3960.0
792,3965.0
793,3970.0
794,3975.0
795,3980.0
796,3985.0
797,3990.0
798,3995.0
799,4000.0
800,4005.0
801,4010.0
802,4015.0
803,4020.0
804,4025.0
805,4030.0
806,4035.0
807,4040.0
808,4045.0
809,4050.0
810,4055.0
811,4060.0
812,4065.0
813,4070.0
814,4075.0
815,4080.0
816,4085.0
817,4090.0
818,4095.0
819,4100.0
820,4105.0
821,4110.0
822,4115.0
823,4120.0
824,4125.0
825,4130.0
826,4135.0
827,4140.0
828,4145.0
829,4150.0
830,4155.0
831,4160.0
832,4165.0
833,4170.0
834,4175.0
835,4180.0
836,4185.0
837,4190.0
838,4195.0
839,4200.0
840,4205.0
841,4210.0
842,4215.0
843,4220.0
844,4225.0
845,4230.0
846,4235.0
847,4240.0
848,4245.0
849,4250.0
850,4255.0
851,4260.0
852,4265.0
853,4270.0
854,4275.0
855,4280.0
856,4285.0
857,4290.0
858,4295.0
859,4300.0
860,4305.0
861,4310.0
862,4315.0
863,4320.0
864,4325.0
865,4330.0
866,4335.0
